[28.523780375607032,-0.9062187297308535,0.9315933466871591,23.91728977000733,-0.7634768309966811,0.9981355085336336,0.30537979783398433]
[0.10051855866936371,0.009379199753097861,0.03928651053223132,0.09531573925221763,0.07018378382623426,0.03205461553256286,0.009141907862484044,0.029667948079680213,0.04712685735224671,0.05751826159449631,0.016715465766941214,0.012211319853858031,0.18355485778735323,0.012798949913504365,0.04069188148181689,0.06765771343259411,0.04263189688707427,0.049838662927755996,0.029019692287200423,0.05468617720728647]
[0.3569731585825316,0.32387488777042067,0.3191519536470477]
[1.7990907655957173,-1.498865348541251,0.926502772175695,0.31045414762879764,1.6360605875042813,0.9127989947367485,0.30537979783398433]
[0.052609162210339504,0.023036220702656134,0.13651490558192553,0.03070430254018615,0.07743309923973246,0.06523505271997174,0.02468972970606343,0.019192304070317714,0.031219986478406136,0.054618772615430564,0.009893061668739996,0.07560912787308117,0.06588341717542238,0.02030650153689446,0.03003077129698351,0.07430718258021594,0.06560195911509523,0.05726816259015373,0.03431466394372807,0.05153161635465608]
[0.3145944928884505,0.3232462205850948,0.36215928652645474]
[1.755436209428793,-1.3983219491559862,0.5215538179533803,1.5937694385301684,-0.6394073035506609,0.4401053889733848,0.30537979783398433]
[0.059563712803031146,0.007152104863709812,0.10337773604155004,0.08088995249105324,0.013768577703252157,0.04179340911687876,0.021637799044806505,0.04964874353143135,0.0747004037266971,0.09726534755948447,0.03030789474208767,0.04750044920203649,0.03448204247932746,0.04392629302674963,0.048941004746394706,0.07825149538396553,0.04664961882139558,0.08265214600457595,0.013035555043697118,0.024455713667875235]
[0.2831813679935938,0.3325793153914686,0.38423931661493754]
[0.9625183923605719,-1.8092016138693603,0.5934681766159097,0.9370659730207986,2.0553326411130888,0.8246311222205245,0.30537979783398433]
[0.03723585131878934,0.011561028336373312,0.1351313718302092,0.09121303170734951,0.044631658064371596,0.03531869441033585,0.026014275032167217,0.02196150197124959,0.08165983252212762,0.06708226313861218,0.03221890462294892,0.09838676941527201,0.027075098259829563,0.04633386159235698,0.04550290409584269,0.08397620785800627,0.02932356431831009,0.054830636221570715,0.00889569844550615,0.021646846838771196]
[0.331468510176108,0.3035197550222007,0.3650117348016913]
[0.5758944457860917,-1.379407857408253,0.8651322040066283,0.3104286159529777,1.71584984924365,0.9141533609429209,0.30537979783398433]
[0.09645855779339463,0.01606933278077528,0.067736654185685,0.057470849185085694,0.02299954115638446,0.09853789167054038,0.02673911052090982,0.020623293665306484,0.06070097932258526,0.033063946645238596,0.006760946779016871,0.06738030089044056,0.07707765213724727,0.022499391130563436,0.05066222692642823,0.1788174282420813,0.02609642778639178,0.04944664668401765,0.003721849337476337,0.01713697316043114]
[0.31974495927712215,0.34723919897892414,0.3330158417439537]
[31.676761230201297,-0.9857924107808191,0.8728979831879534,25.5309322183154,2.306466330455107,0.9067229327756876,0.30537979783398433]
[0.08746165301997473,0.011085739877565021,0.04128031515336936,0.07448510537670659,0.02354483391102433,0.019289993589556048,0.011043922407544064,0.029000816289436928,0.07626662159932622,0.017931421206677664,0.009002197440384323,0.027543685526719326,0.28954112092867623,0.04557822647583452,0.04978322711583578,0.10213824350092698,0.028179275342766655,0.020835346618798826,0.005506921906123902,0.030501332712752637]
[0.34662663326991594,0.3293187242682084,0.32405464246187565]
[2.8598516449183125,-1.540129495868546,0.9415834941579493,8.811475905473177,2.453501017794407,0.928041167694615,0.30537979783398433]
[0.06230338159563484,0.007587967143849843,0.03610108603055356,0.04800928776156208,0.0761340238799518,0.005070842592056854,0.008648704848286212,0.02609937265810982,0.06909507315812922,0.13787933519305084,0.025942616263859908,0.009872217720336956,0.017783032687218186,0.04957449117454676,0.06437285269389152,0.04020272497382479,0.07328510617480292,0.14855988978259926,0.021137981262101934,0.07234001240563247]
[0.3313218275964242,0.33968033190767527,0.3289978404959005]
[2.8666918940544948,-1.6824451807509324,0.9995670263066543,2.8823849629173814,2.3545077018628042,0.9999040131668551,0.30537979783398433]
[0.053349138683062534,0.022750495269556154,0.031960351903559725,0.0581822491202221,0.04609564511900544,0.005345166121770957,0.02523758381340669,0.1083817802211823,0.1054497767494171,0.07864386485349141,0.04477689160506414,0.05112467387679129,0.017335002538253725,0.0496443265265167,0.03361865535103335,0.05875640344292838,0.08950106516053523,0.05918676770563889,0.017346059845683603,0.04331410209288019]
[0.33186156823123963,0.330727561197211,0.33741087057154945]
[6.091703871976822,-2.5617054343372088,0.8890931331119646,11.701291416894923,2.7608544178238494,0.8810151090297492,0.30537979783398433]
[0.15804017372623486,0.02225558889357942,0.03147815968990032,0.05521660760080337,0.10838943588189405,0.036784397971992004,0.04326548542226752,0.013904052304379085,0.046445116299644144,0.028445563608260456,0.027117300621018615,0.019764297220678996,0.0020154362597302384,0.03134875951156351,0.04888640386421532,0.08572530159981205,0.08299236356851429,0.04573285646820284,0.0337423694334297,0.07845033005387936]
[0.31169816216980123,0.3559147603336304,0.3323870774965684]
[0.3438637670041616,-2.2151321303687914,0.3267547509871551,1.487379130695849,2.4314877835094455,0.8130308064339574,0.30537979783398433]
[0.034871410182413284,0.029979816962116976,0.07094043882391687,0.05623987542651876,0.03688998507192277,0.028426341792580606,0.03035429966527008,0.07745400633189793,0.07268237798009186,0.05515813407234536,0.01907070947213116,0.0581132828566258,0.0467672404966454,0.03725114666731898,0.04564331041361128,0.07507257315756978,0.06848753485866221,0.08346825449153408,0.016486690531858594,0.05664257074496829]
[0.1428692311131809,0.40765041296355503,0.44948035592326413]
[1.0650105707717048,-1.688202352130833,0.6262108331368819,2.7206704062964304,2.9396921340997775,0.8896877318874262,0.30537979783398433]
[0.07991741438927454,0.009927836370220364,0.0471692422487421,0.02513700421385894,0.020983408594816035,0.30441329464013833,0.009825793216256788,0.005057931679850752,0.027140073872856663,0.04988308165097618,0.009290721313420722,0.05084324353341772,0.009572587794262599,0.03215365439953182,0.016627345152737717,0.11487022232484703,0.15844072767732428,0.01119514148089393,0.008374934520656714,0.00917634092591685]
[0.367939118087082,0.37752690296049274,0.25453397895242513]
[1.1169062912956118,-1.9491787131170946,0.7494864929816685,14.017642209993276,2.9010636313858127,0.9575388080300632,0.30537979783398433]
[0.05550809395634256,0.012647091269667963,0.01614931855583832,0.023424406931847313,0.012129672904620852,0.07258601828214895,0.01690547087284456,0.006305639155321387,0.0257294038762379,0.0059311141820346325,0.009306831146207997,0.04598113886718868,0.005332888716301816,0.023769128373569204,0.009182976826412009,0.30139565403771534,0.2890454074313271,0.015310691024842057,0.00946065242971814,0.04389840115981323]
[0.316553722776779,0.34016753345774603,0.34327874376547496]
[7.985183138832716,1.6100396473622745,0.8209307908987618,7.670155787293211,-0.10033196248027565,0.9122063871089797,0.30537979783398433]
[0.003343668610857149,0.0013776020675321976,0.002731506536233871,0.002112574061505434,0.0014154148962854315,0.9711447257029271,0.0006922973983751118,9.098727725493193e-5,0.0005943816519661887,0.0008613915730813062,0.0003855810566719863,0.006541680996747187,3.6505833280081116e-5,0.001071025212517034,0.0004305771631926297,0.00399277381418902,0.0008089936359897712,0.00010405103572542283,0.0009561370375944685,0.001308124438073853]
[0.3338150277604765,0.3348841215600266,0.3313008506794969]
[2.9549756772947657,-1.6454613545828023,0.8590381204447824,5.059112074570324,-0.19224749970755317,0.9062745534217482,0.30537979783398433]
[0.06738809464107268,0.012524284658691234,0.11010451732352065,0.050974511018822305,0.01278659886333805,0.07362093694395505,0.013486050648713974,0.01041737922146209,0.09194070889790854,0.0427537619327347,0.012241900088304987,0.04910339304456071,0.04697056277549291,0.04045299720320152,0.07681468285867459,0.12474870553715753,0.09415021849342556,0.03333203073219623,0.014827326207681065,0.021361338909085523]
[0.3390989631698025,0.31785754084229384,0.34304349598790373]
[3.060777017220398,-1.265297193896993,0.666558252657438,5.597928504975345,-0.2661796703155752,1.0406995379837836,0.30537979783398433]
[0.05346737848025079,0.012637607652381248,0.08678257526601493,0.08537722840920328,0.02918757899612432,0.03489302488746269,0.022906489473853823,0.023640965382341617,0.07052938182083981,0.062445681747325,0.014083316836233203,0.07790993123533452,0.09608188341617188,0.06722505208408916,0.043959007434923876,0.0744096512022213,0.06262871862587092,0.04765919190546146,0.01701328100164868,0.017162054142247512]
[0.3309082546834635,0.33102772396298713,0.3380640213535493]
[18.13696415303997,-1.1460705392123878,0.7162184907906876,15.30621797894097,-0.42024668660448183,0.7488427353797577,0.30537979783398433]
[0.13954694329861272,0.0064880169238701844,0.06941026322213703,0.08262313009463997,0.013015957397303686,0.03827697777597872,0.020728496925809612,0.021681321692280188,0.08463915791269702,0.04458643692222569,0.015641081995480616,0.03357943492217191,0.1550745577007898,0.024644379123712513,0.04857603601734422,0.11593972785915557,0.025851531652498757,0.021962838856294957,0.018685976077348627,0.019047733629648123]
[0.33304340931664045,0.32123439360001543,0.34572219708334406]
[26.45340020296407,1.330743607733785,1.7611202831348607,5.857878737333113,0.2939670113699431,1.0130467036490034,0.30537979783398433]
[0.009396219743051139,0.0020516349150310432,0.01582046310360398,0.02054424889556498,0.0033968283426942,0.7885432129561514,0.013100410161320825,0.0009303044950543974,0.028055508759349305,0.011070119685164305,0.0020073948754662464,0.05076536379192893,0.00023606926079119123,0.016805944964067506,0.01517744542607449,0.012055533809074459,0.002173964729910741,0.00220840618168392,0.0031592524417225387,0.002501673462294189]
[0.31252480975279034,0.33528459138858463,0.3521905988586251]
[15.652528818263436,1.3301202445394722,1.7586613305371306,9.185147755168432,0.2993463180561222,1.7549116544327854,0.30537979783398433]
[0.017405412475370398,0.002151919501258354,0.03519818480078305,0.012805591559541267,0.0050384794578506,0.7422164699438848,0.009653381218788235,0.0034327626329211805,0.01356070631692149,0.003306824995437272,0.008144584226441823,0.07180780984469977,0.0011170217706615246,0.01975125778256274,0.017986310253826267,0.017919605702934382,0.0023820573485486924,0.0016432444737763615,0.002778034117157947,0.011700341576633778]
[0.35972769681668093,0.3172327801067032,0.323039523076616]
[4.966666217049199,-1.6232523817175457,1.046368997547302,15.344790621538117,2.1380382228910904,1.3721869238316964,0.30537979783398433]
[0.011957371565036939,0.007087658083242911,0.002491614646655206,0.009670387352122231,0.028350909375393224,0.003989671235164546,0.003041791009054228,0.33710837853727643,0.003891023530354805,0.27719911686518095,0.02196761575947907,0.005415508407618881,0.0034303430059999243,0.010532800816144236,0.002652471404992531,0.003763877284535432,0.003016817371769321,0.2450748505608653,0.005166924214102197,0.014190868975011813]
[0.31448863856069276,0.3322976571670053,0.35321370427230203]
[0.5868992383964591,-1.6311981874262527,0.3298495363032352,19.216343955414054,2.1465010877456,1.6499310226403394,0.30537979783398433]
[0.031338553101706995,0.004874128043084303,0.0018748820742148858,0.003302427994964218,0.04625990638562232,0.004953634973208109,0.0040510486086176,0.29954845584757855,0.006074194990473058,0.2728409983702856,0.03127008040821183,0.0016424479078947748,0.0032814005276338987,0.0058954983074079575,0.005771333086614228,0.003074767068979895,0.0073298321731314585,0.25435021673639835,0.006007145499195513,0.006259047894776405]
[0.31789260240197287,0.3315982681334291,0.3505091294645981]
[1.6329447056170812,-1.730615319536643,0.9699149170500205,2.683777166847867,2.556173228422299,0.9580012276448109,0.30537979783398433]
[0.06007823119633545,0.040546055186258895,0.0608623092546393,0.060109147226040244,0.029881534915969878,0.05676507858929136,0.026576396940497467,0.03469679943851879,0.054901461261144556,0.05237603286720794,0.020939241041378176,0.04237473858628656,0.023333048961268324,0.04536764704660253,0.049976114560165666,0.09790910360842123,0.10378989710688832,0.07152657770989816,0.022963293920875677,0.045027290582311474]
[0.32348940567005924,0.3320236841299092,0.3444869102000316]
[3.213085522398878,-1.6505480422704006,0.9285157152989042,1.5180727009225579,-0.21799720382150278,0.7466661643240534,0.30537979783398433]
[0.035703570659026504,0.025304723888994827,0.06991393589166464,0.03655177438222426,0.03378353188551732,0.0674698927655977,0.02312834410318486,0.060784670383707565,0.052752368856039296,0.06126700571743761,0.01756540420800137,0.04254387167943065,0.02943465087671508,0.015008809718543372,0.04921846100686792,0.10620515524368239,0.18175049930236464,0.049041789933057606,0.017211126334562822,0.02536041316337963]
[0.3375009895065097,0.3300068648453295,0.3324921456481609]
[45.44399543863761,1.1053313714426416,1.5390758583684871,3.644120647206442,0.46185426252659356,0.8794383472257913,0.30537979783398433]
[0.051096691294081426,0.011700004881244822,0.13569667361070145,0.02865503918162251,0.08565360585300485,0.09857685304201441,0.026262987195285494,0.013602901043712597,0.050163250232132896,0.04496074757358484,0.01867145931706492,0.17127270028161404,0.0006265059503862231,0.036879643985320204,0.029147516801099536,0.04369155423389298,0.009778369504656216,0.010804933153534056,0.0320645369592334,0.1006940259058131]
[0.3005688747133402,0.36284944084792803,0.3365816844387318]
[0.5333915491829897,-1.9536607286705425,0.5500797019076886,1.9931102943977022,1.1504241665074613,1.8450939500194907,0.30537979783398433]
[0.03148460771128293,0.026228091878457042,0.13739073343615002,0.03845445039381244,0.039007737436743184,0.052395911108090505,0.038216620750066405,0.03665099304752987,0.10124274336421059,0.021792417318999453,0.005859242230916331,0.16266971663193935,0.022149252183153115,0.04882351316569577,0.033153374317047624,0.073877465376671,0.015617995338511565,0.041958979322205645,0.0024840425443983143,0.07054211244411894]
[0.3285365096703473,0.33444375347183525,0.3370197368578175]
[3.0111878443388025,-1.6964678072896044,0.9734094083374569,15.516905884986164,1.928506911075135,0.9798791592347365,0.30537979783398433]
[0.0016269272967576426,0.019839484679106442,0.5168035836858329,0.039193074885571194,0.016160165632057227,0.0021550860284959795,0.010633928793181912,0.0073250021992381925,0.011060493386545283,0.008503339788661784,0.0010108729097328664,0.2788489693206599,0.002414115351460468,0.014360041365205375,0.010029647050556393,0.006727513212033023,0.0052469467059858,0.03437743322989704,0.006915434087206309,0.006767940391814321]
[0.33201355207572697,0.3359733025203533,0.3320131454039198]
[1.9059453316242756,-1.7879475659761441,0.9458500532351823,1.7467537451714747,2.1368679649503672,0.9666733046242214,0.30537979783398433]
[0.026528350389816456,0.006537172913224001,0.31603438999831607,0.042587195756300815,0.005409362736448292,0.00842914564799162,0.04324556234805727,0.007668660018238643,0.024799569921850197,0.015019938485922488,0.0046471410427412615,0.22766950826523577,0.014017659568804816,0.026258988155369825,0.03052804337111324,0.13003542503822654,0.02805202178419908,0.012779296983634017,0.007156219374640422,0.022596348199868974]
[0.338172559386333,0.33216463452549533,0.3296628060881717]
[8.050212292329055,-1.4346679817198327,0.6795825264464043,3.683020108694585,-0.28855687341084524,0.7018060103922823,0.30537979783398433]
[0.13464865050167515,0.010442531761342506,0.06421585665459499,0.05551331149644123,0.040875794959992426,0.0312659046622615,0.016648928260715797,0.03146957530296214,0.05985855260381379,0.1412173539854854,0.02450415330124906,0.03450467243115538,0.008789659852375453,0.04130369304750158,0.03778543396848595,0.10752051077289819,0.09525390627879303,0.01873337337129561,0.011946717416900746,0.03350141937006018]
[0.33310609518399575,0.3361423894157528,0.3307515154002514]
[1.6816710065863445,-1.6617614613433875,0.5616742868139659,2.8962118242258597,-0.21361079144207595,0.9796450221134005,0.30537979783398433]
[0.02325082753195981,0.016127812487595233,0.03080483217580205,0.06597424581876675,0.06239207286956581,0.03412734614408977,0.04121786947935851,0.07131899307949618,0.08815551948690097,0.09315899265618562,0.025459963026484875,0.0691854578076366,0.006277104507387191,0.05401426469410017,0.04340944947897606,0.03587143269806996,0.06300074203542957,0.08856051181902837,0.013466734964344414,0.07422582723882201]
[0.3343860001528167,0.3312117304945594,0.33440226935262396]
[2.692659958256945,-1.8922337666517075,0.5652629215629452,5.326111940367074,-0.3208618806838648,1.006359652170278,0.30537979783398433]
[0.0194622410255842,0.006334681290346376,0.034601020705991935,0.02998722400425084,0.024426233570322146,0.009966199235805296,0.02680330497967704,0.05906506220980735,0.08601134968591868,0.07914725987711106,0.01957318165844248,0.04086691568359016,0.008090220834591582,0.04734911004066143,0.061328110994927264,0.13039511591805647,0.19341802325677815,0.1029693057634128,0.0013768008785063142,0.018828638386218382]
[0.3299140496368912,0.3396114029051396,0.33047454745796934]
[9.242395792855863,-1.9928042645746038,0.9589933210895533,1.8436355417347206,-0.057505942826280076,0.9869919570327282,0.30537979783398433]
[0.05106473807085252,0.01273716259925701,0.06551512438509272,0.025503705420548455,0.025432904869075762,0.024918445605174627,0.041806885442208286,0.10752915349940767,0.10344446689099718,0.07071401814881917,0.012101847988078271,0.0406808073385048,0.002339373219894474,0.04637787278797868,0.09996086367001925,0.03713757354359418,0.11612595772592015,0.10766486395920999,0.0052504589514175675,0.0036937758839493367]
[0.3345178000075958,0.37164625191918105,0.29383594807322316]
[21.452284090576775,-1.124059729706313,0.9258680843100454,9.91691791630913,-0.6993571614959286,0.8456906998450395,0.30537979783398433]
[0.10825543335142762,0.014314309466659061,0.048770531245551405,0.06494234557677729,0.04442774237545169,0.03740144934488031,0.021340532554868678,0.0531595114491015,0.06838103688066813,0.08423075203779845,0.025072373672413484,0.04702944963572054,0.017391765585586305,0.055726058618680775,0.07273881731188649,0.055903803086436964,0.05120178163842227,0.08134749420561412,0.014530142642530679,0.03383466931952418]
[0.33003012062858006,0.35675929438479126,0.3132105849866286]
[16.05922884003236,-1.0964486217199854,0.49135281907347517,47.47617190096168,-0.7357465539404,0.8002391256512659,0.30537979783398433]
[0.13772211833839054,0.0100238878076535,0.059726768783033575,0.09582432240530987,0.0346763028142036,0.03842150176709794,0.013004083589734297,0.07711135703405385,0.07832619875547217,0.1184879890675357,0.030222280012230696,0.024531873521514157,0.006910762185600753,0.037220824846316024,0.039509095462659016,0.03633576973222563,0.04798947193451516,0.06865396858680672,0.017232112449942206,0.02806931090570456]
[0.3567265559787501,0.3126559174300089,0.33061752659124094]
[6.064333448491604,-0.9946489364305111,0.31299730065544024,16.611751700917463,-0.5618750255407283,0.7588455294283702,0.30537979783398433]
[0.14701744347034648,0.007695673926316136,0.017758680687601548,0.03146653565419547,0.008092509643013834,0.026734944325079304,0.013782229791889485,0.020010435465645602,0.06285137327635837,0.060007084999497716,0.015300081623215061,0.014723485613818059,0.30859308068762975,0.0246364805512512,0.03484187039900793,0.0879144347516979,0.03993953113079469,0.038681602987246634,0.02413023684377926,0.015822284171615606]
[0.26138331109622104,0.33208494890286117,0.4065317400009179]
[3.0707153894104415,1.3214488562481446,0.9215718789837446,2.939493823712361,-2.603823619065703,1.5213638170187862,0.30537979783398433]
[0.03044163070095734,0.0009189505938327571,0.018910005803501106,0.017696117164693752,0.006952306950618716,0.8362669482510928,0.001977168514531215,0.0019336208299537306,0.00944826705934992,0.0035465862124922773,0.0009450990555575104,0.016692759070849536,0.00019174022374389516,0.005832512361189386,0.006278084679607428,0.021911685193679555,0.008499014115406498,0.0006107297743201853,0.0012054022029689894,0.009741371241653373]
[0.26811141362762403,0.2745911227898815,0.45729746358249457]
[1.4722848043950734,-2.1244927541018495,0.9874093145648369,1.0222362482456493,-0.7648382420621829,2.008627963716841,0.30537979783398433]
[0.16548502518189495,0.010668873933404209,0.033736330965702076,0.07433421189251267,0.01439016802460411,0.1526610327603968,0.025616439930620998,0.003602094200268461,0.04955612939060492,0.04832023125136492,0.04112390221991587,0.018564601309972888,0.003722543065741884,0.06606610643006415,0.024530772483230035,0.1307182179109755,0.06683265612029728,0.06038081937351275,0.007898651142165621,0.0017911924127498402]
[0.3126653127374663,0.34625343238816303,0.34108125487437074]
[0.6005245216456827,-1.7986323889061189,0.42696253834875614,0.25956504117399876,-0.6997751960075069,1.1556058109453715,0.30537979783398433]
[0.21372250843174453,0.029143047582396785,0.020001590530323323,0.0888912001312877,0.015693000904472003,0.22416040821269576,0.00851096400751154,0.019796732507331778,0.02592477984272104,0.033798065689186224,0.06292713337872902,0.019766049218180176,0.010911646447407043,0.0638827945346584,0.005414493363733141,0.049567031804517776,0.06808165229135904,0.02352209829318876,0.004883278354712149,0.011401524473843952]
[0.37084776001716674,0.33005905466843993,0.29909318531439333]
[0.5937280932903802,-1.6427063453568829,0.4740967864076897,2.265609633434336,2.584218180099194,1.2804065579905648,0.30537979783398433]
[0.10373851430418839,0.003317166625021552,0.04854723293418814,0.12309809447038687,0.010384406282725144,0.17410883624454807,0.01006297504015749,0.008938605371277783,0.06134311264803993,0.017981850898179837,0.010151033745711973,0.029512132455543804,0.01498531324332807,0.06620708037241702,0.032280593144918004,0.08955835196339842,0.13070847191408871,0.03314455088517026,0.015565431107537305,0.016366246349173257]
[0.3291062262906519,0.3293827316920987,0.34151104201724936]
[1.83791455296798,1.8432309231791075,1.120549236148134,1.05788518048502,2.9594078252158225,1.0531996038106861,0.30537979783398433]
[0.004951782592410442,0.00013832814200889147,0.0009671547762599443,0.006631260904545671,2.1913570083632944e-5,0.9098934115339924,0.0001357420132214398,5.734256760992186e-5,0.014094735416926383,0.0004014064744787021,0.0008409059837579026,0.0007745734579954934,1.0970509710948021e-5,0.014984760569018261,0.028808647378268697,0.015642255917377116,0.0009175669573341513,0.0005527108151159104,6.471601783566691e-5,0.0001098144020482817]
[0.3452268377915024,0.333342180080337,0.32143098212816074]
[0.6418130203479242,-1.8405801822679613,0.8381928006105168,0.17762666288599338,-0.17453310423541168,0.7990048816134508,0.30537979783398433]
[0.1102709883434501,0.019679920531565975,0.08640785223512305,0.029613816807138177,0.04931941386462345,0.0695270268348967,0.013846107903509658,0.011129857700984142,0.06171135236077058,0.060770447285650286,0.020205471626354162,0.10782990937221042,0.008380235139082858,0.06309231093361779,0.062176786336772115,0.08329260160639787,0.06581840555083605,0.047070606352320715,0.008459915988512342,0.021396973226183637]
[0.3276454806111077,0.33509418502052174,0.3372603343683705]
[3.394392074220892,-1.2394285909714067,0.4180224706017164,4.184687477835581,2.467049436724487,0.645395871750226,0.30537979783398433]
[0.14168929662342922,0.011275325569206046,0.021485151623832088,0.05411310102366287,0.042450004983029324,0.0476356239357568,0.010970372249351011,0.024170943373779286,0.050270217465735775,0.12896667940570591,0.020896791774206225,0.048382846758658775,0.05239682119880964,0.10896590213115685,0.047537724505265284,0.07215325399456782,0.045367012853648685,0.009605812155432566,0.038065879481659036,0.0236012388931067]
[0.34700350422880016,0.3198222556197987,0.3331742401514012]
[16.976307643617197,-2.222530038567825,0.9292322260082647,0.944371835742359,0.8978470775265759,0.9783411945249403,0.30537979783398433]
[0.03703696657596773,0.03855446809424501,0.020119462485668354,0.027732464348115753,0.09820419606584585,0.010504900824424332,0.06040078008822944,0.02666374869787706,0.04793123004611884,0.05980587632521437,0.026949313200619236,0.08311394486301144,0.011834451562302993,0.043292395413809394,0.05993703131247902,0.026993794085605257,0.0770629014268698,0.0712605269392415,0.025199415634066302,0.14740213201028834]
[0.3394227616303381,0.3377159502882038,0.3228612880814581]
[2.8710401872409395,-2.2403000130592368,0.9391901519936761,0.9347405371171039,1.2406223359448214,0.9751433578153472,0.30537979783398433]
[0.08976274324971167,0.022026158668042722,0.07750444425421898,0.023125022643725558,0.11602402543871805,0.009491287856651332,0.09323043039270476,0.03410682660402735,0.0360361167871473,0.04866690092601629,0.014171423264237844,0.12195274175982593,0.007115598326639241,0.030665461827612636,0.04060089215272218,0.06568886271744498,0.037634929312119,0.020762194324113466,0.021690223559556247,0.08974371593476439]
[0.3135750502137661,0.32649383382119623,0.3599311159650377]
[2.922356827729898,-1.4506816457758163,0.9873638501342649,2.7624621076248914,2.4749973184813783,1.022558117212178,0.30537979783398433]
[0.07295829763160362,0.01811264792970055,0.06278336845652131,0.06774375218457347,0.02857078816286138,0.03879524026288175,0.05868843967816896,0.0295443702559153,0.0796896119435629,0.054663941916674175,0.011716866279608848,0.03388145984734059,0.09500228335229216,0.04178245759404096,0.04984060610401326,0.09392079915906451,0.08301492990652871,0.0498196543783862,0.009874404978633075,0.01959607997762809]
[0.33637491320349594,0.3236701941493886,0.3399548926471155]
[16.157890623544013,-1.1780756613774521,0.7806383954425492,12.912450877419118,2.569750494124947,0.9828788631244209,0.30537979783398433]
[0.12177571463404827,0.0059032022198851255,0.06097080019066123,0.04790249868039504,0.008400384260844633,0.01976674949555945,0.017998824277930925,0.012311699431676494,0.023312755691441676,0.03625463258383467,0.011439917772683742,0.016172338411530898,0.46236323590397316,0.014168456794540433,0.03566004417763889,0.062141873275379525,0.013242390708167944,0.00819618804092786,0.009941629735896148,0.012076663712983837]
[0.33337480102327155,0.3325662592553075,0.3340589397214211]
[1.6618620602834853,-2.604536768700398,0.8448259959735521,4.504026507152822,3.06809294393425,1.0552085409771255,0.30537979783398433]
[0.004145908313027187,0.0024190716189619542,0.20855417633935908,0.014706617895695457,0.0010305487041887868,0.1890365338791954,0.007425304479038693,0.0003174469998534668,0.011864751390673231,0.0014149727957561502,0.0010421667489031062,0.23692928765001223,0.0007957757915629067,0.004952052536081199,0.0014952344323056832,0.2552047102420187,0.05076876988919797,0.0043238546455480805,0.00042443409803486507,0.0031483815505858976]
[0.3314984575349087,0.3359575307443568,0.33254401172073444]
[1.9281419362420589,-2.450084880438402,0.8481657141075096,5.268861042312373,2.9410783148427857,0.9531126682720326,0.30537979783398433]
[0.048308829821443536,0.004713034449079595,0.23004919626725837,0.02721147393456048,0.001706667435588015,0.03941610779015285,0.010119854720407806,0.005885493515351736,0.019386889279440097,0.0040255335357062645,0.004405018498014812,0.14253005651245046,0.01211855330547246,0.014856059588578358,0.03500175294796273,0.2530295486668247,0.11492071732025996,0.012177968102133601,0.007993042838800469,0.012144201470513863]
[0.31581880692923825,0.3554329012634503,0.32874829180731147]
[8.640880373098964,-1.3249286280692552,0.8928068031404842,4.975295021938031,-0.48638701568348264,0.9520847142635629,0.30537979783398433]
[0.08259219544262805,0.006598678939343578,0.12251676403860685,0.10867249614415382,0.013101512155826809,0.031081145785713842,0.028287937710144345,0.024157407088037933,0.07918710694712576,0.02614335277589704,0.009245680835592494,0.0140188175040292,0.13010022247506248,0.05139759615120285,0.04909365560173119,0.1052279899954624,0.04457431351421006,0.039113608891888745,0.010442862007908157,0.02444665599543459]
[0.47219655780385955,0.13764790294103227,0.3901555392551082]
[5.572498643384194,-1.7083562581710614,0.9560304049079261,4.964598842447118,-0.06827088187351205,0.9593648495169951,0.30537979783398433]
[0.05727287707800002,0.007747407309133906,0.14082000289898133,0.034700037485925206,0.01125484915081111,0.04350219749311334,0.02284450433369445,0.041595779848834544,0.04663914552421996,0.026438123732253176,0.010715384614476966,0.13755052367676068,0.044919825209704514,0.027656924706843947,0.026995919247839072,0.11161201742156264,0.11792938199705703,0.03879813155693294,0.020996857928648797,0.03001010878520643]
[0.3156351460688209,0.3525238465942418,0.3318410073369374]
[3.0530137106286794,-1.6699462067704838,0.8886763011906345,0.9547408151082463,1.5425106239618742,0.9019848438505768,0.30537979783398433]
[0.0803749704629279,0.006279769127602464,0.09207511198686555,0.02979344956185646,0.039231977888148216,0.03627730934955131,0.023102801148602574,0.03624966178118003,0.0762182355020266,0.10614397943839168,0.004954241909048729,0.0978611858379985,0.03396468557585703,0.046286868772976844,0.055476915339648394,0.03034010181838081,0.07394837845805743,0.0432221751023662,0.02245828573565174,0.06573989520286154]
[0.32847634749276206,0.3236974905484101,0.3478261619588279]
[41.91052723974945,-1.4385956504800437,1.004100316198331,8.176231891660661,1.2571951032402442,1.0563854095634533,0.30537979783398433]
[0.07925367157133677,0.017642643235168416,0.10363843794907404,0.03898021805847054,0.0347458024520643,0.01586356046112592,0.03845118890973797,0.0037082985713568434,0.05418111193256783,0.0365762029739903,0.02779165603156852,0.1279150580540806,0.22760860583626275,0.010915905470158345,0.049162032673375426,0.06728562546335401,0.00580530293723586,0.012887040587553744,0.017910823961521882,0.029676812869995954]
[0.31930860482756795,0.3362231116852719,0.3444682834871602]
[5.716983279078559,-1.725796433704403,0.5883404234827881,9.61718101830989,0.10999280442750692,0.8153744652706889,0.30537979783398433]
[0.03445691843740689,0.008039279124968239,0.18507135201758032,0.054123376431754064,0.051824955268908325,0.03960416521404186,0.02596157391580599,0.010979916904328708,0.06234565415625492,0.04382198795519857,0.014886408492385097,0.14654577838408694,0.027530928646144988,0.04634933841269979,0.040711380272472314,0.07657717452495696,0.051916165642640746,0.010206611997217958,0.010294269842543825,0.05875276435860351]
[0.32853218740352513,0.34198783429744933,0.3294799782990256]
[2.930580080520474,-1.896380224657799,0.7991120707561565,0.9602753037329635,0.3413512128200531,0.864043089235561,0.30537979783398433]
[0.03764494758962366,0.01493144440930651,0.11897729659393048,0.05538493835511694,0.07130516131367778,0.0485371045514452,0.063022196969463,0.01976331208236865,0.03275190600981462,0.03812658799389646,0.015767117260412574,0.18230494870326136,0.03087159331524618,0.031152856183215828,0.02897791639396772,0.050527624585629496,0.05361454001312769,0.023560780769640886,0.019898533505374783,0.06287919340148038]
[0.3136716890894414,0.32596844396687413,0.3603598669436845]
[9.142218946113589,2.6546400500171004,3.0125476549536834,4.0668221489464145,-3.063047001920609,0.9924842574220641,0.30537979783398433]
[0.029149961482819037,1.7529446716987302e-5,0.002757618740329487,0.002291940667487883,0.0005766689119451784,0.9314612778198873,0.0012270111294493582,6.530042469181675e-5,0.00030106449430795284,0.0021355247795157694,0.0039132261408586135,0.0009989065418630728,2.4961572635513874e-5,0.00022527956331629378,0.0013567632744390036,0.020771028253964745,0.002322571489207071,0.000116107340793125,2.1979378744690464e-5,0.0002652785470273352]
[0.320930013295335,0.3564063316424178,0.32266365506224726]
[2.9088023393274356,2.7869692341833305,1.7104675354602377,5.012626290799082,-3.0449720597301986,1.0102311323675863,0.30537979783398433]
[0.031431136454779386,0.005175234920899965,0.0033259791018495177,0.0007321900635896587,0.0012539631237008274,0.9333767995743941,0.00012043082732521894,6.38164883624796e-5,0.006322560756188019,0.00010901000870757537,0.0002751707793808066,0.0007573131460536203,0.00019402185452564415,0.0022519106970029096,0.005983630835728096,0.0032476898079230325,0.003886380569613305,0.000573408806150348,0.00035865250054759957,0.0005606996832777624]
[0.3236249329286059,0.2897346138812701,0.38664045319012397]
[3.1584560075183097,-1.0715708285947274,0.14435541890944054,37.896317650695266,-0.7767791884062825,0.524958943913076,0.30537979783398433]
[0.17259706702155123,0.0008755417660270479,0.04625556121796432,0.02893185168780794,0.022701293673387368,0.05918658402329929,0.009331840458553587,0.06104270320044276,0.07789288973508496,0.10314513660153576,0.025638936415512778,0.030604383557062954,0.0048981974400389575,0.04603183281518365,0.09581018881737793,0.02341991287471626,0.05836578526186324,0.08235843157961868,0.01794690951434994,0.03296495233862124]
[0.3598391413821441,0.35409772250181687,0.286063136116039]
[3.186521523933373,-1.2800908155011221,1.0766908212493391,0.8782129301873652,-0.38680711288122005,0.6416515975996386,0.30537979783398433]
[0.12646967058947217,0.0009308237063591545,0.022894674296567517,0.08894579237847003,0.003965543074335072,0.04449107305601464,0.014915584232179915,0.04074129428017971,0.12410992892077129,0.06496997773303997,0.06964330629759173,0.036318594217247376,0.006000569602028971,0.01764844256303137,0.12812658404992736,0.0579099768799661,0.04367587866956397,0.07727842643973479,0.003470439989327243,0.02749341902419175]
[0.24093134230494645,0.376845157357424,0.3822235003376297]
[1.7955471943267165,-1.4594720071844338,0.7698070242950895,1.6742691705264006,-0.6254187021935986,0.6292711484152907,0.30537979783398433]
[0.0355504942928257,0.006786283038479277,0.07041961217328964,0.05553096882960486,0.09619390005508946,0.04266671865505885,0.04667071478644163,0.023118871289968625,0.06411641021423341,0.05878903215063035,0.017104251428612254,0.0167120507859546,0.01631298843318839,0.03494410404374412,0.06591261997031211,0.09533554478866786,0.052246516443864535,0.050618680047670415,0.051695837360095406,0.09927440121226846]
[0.33064483095870145,0.33007524172774894,0.3392799273135496]
[8.532467071513148,1.068126358032064,0.9079185038265932,0.3842864860555429,0.3115053518312423,0.9197899794456539,0.30537979783398433]
[0.07338720333090615,0.027135641489153532,0.13144322535958705,0.05421069569345728,0.02496890088892164,0.08555411747077474,0.03698430091459168,0.02628329254326049,0.05321202469561416,0.04538198412996631,0.031221392108140972,0.10656948281888469,0.0032222682853699307,0.057024037224550544,0.04411048808130716,0.06758442501578311,0.03402474362619578,0.04476710747546286,0.0067955572292851775,0.04611911161878676]
[0.33203644597571275,0.3359621527052033,0.332001401319084]
[0.952366539737625,-1.7813434591012225,0.5546041182108737,0.17681044526742887,2.0979941680260232,0.6517681728608483,0.30537979783398433]
[0.11366054161502982,0.014689958872745894,0.054280896953057794,0.04638292740391619,0.04667496859647234,0.2524421383647784,0.03128964244193072,0.01501012193851174,0.02504329615543212,0.04336550834868929,0.01364470521623609,0.05902333490859985,0.05814040346058136,0.0230675368696524,0.01603996567205301,0.058372099197574606,0.05678711387843589,0.020249267019045215,0.019509418470103238,0.03232615461715417]
[0.33818598937640815,0.32225147811050303,0.3395625325130888]
[3.5037181086581586,1.8268551351651805,0.8731693704998257,0.2906094630691945,-0.21134388467654608,0.8920918881592718,0.30537979783398433]
[0.0007064890566508724,0.0013545434953230265,0.0006272984814039422,0.0005941515010091278,0.0005363985856530327,0.9221605028714862,0.007124387755069301,0.00015233263643863072,0.00038607056945033934,0.015387501006277414,0.00514119793259421,0.0008839727799094783,0.00027678146381616015,0.006535607276037821,0.0034912700042616586,0.016225084362217746,0.010171672052097552,0.0022546672972668397,0.0001715494045448795,0.005818521468491501]
[0.3506436916020619,0.3300057685144307,0.3193505398835075]
[48.18545956629459,0.943574383820768,1.280554698812145,7.772507797434417,0.762365233764315,0.8724475778331887,0.30537979783398433]
[0.05323620339305145,0.02308487042990524,0.1277018727998236,0.03949310200749704,0.026632223304874008,0.0679664060438232,0.04354907973634113,0.0021613254782412855,0.06817951312680537,0.024022280252381283,0.015487024662824906,0.28451733866569207,0.01898395250160073,0.04517466951614707,0.04459107376295469,0.06640908328042387,0.003787055912648039,0.013321068710322405,0.004423492109453796,0.027278364305188783]
[0.30941866759616965,0.4140795987347173,0.27650173366911307]
[1.0885588731890363,-1.532154389315213,0.6565915813580848,5.450614335659724,2.5117209903871895,0.9937928378633842,0.30537979783398433]
[0.07203033133723785,0.044304604370473046,0.06912519529023349,0.03209209207073155,0.028025738628914384,0.028561964937199594,0.026127213074162332,0.009557179287651195,0.07619191020584373,0.10383483631718475,0.018288639476416138,0.08651165495358042,0.041544082506618694,0.028102773680639036,0.04509061876379792,0.12200496348977319,0.04646067151498886,0.05300105852146286,0.016913737097173958,0.05223073447591703]
[0.12687084184188804,0.5126406350304378,0.3604885231276742]
[4.171663060689515,-2.0874193144457904,0.8442706466416687,4.817573395737952,2.325427874425074,0.8662244614368722,0.30537979783398433]
[0.06915826106410676,0.01655819796679243,0.025996394555948484,0.040810603956763176,0.06605629996960743,0.02369779663661051,0.012282616712386023,0.17514435029613942,0.03054122826103704,0.05470643543443079,0.024043342633135237,0.017068063015095326,0.00028799978854629206,0.025084931440499173,0.03858860648021904,0.04551471598674987,0.06720880670321944,0.17123092335239828,0.02260549489797242,0.07341493084834293]
[0.3328985670259996,0.3338928009149192,0.33320863205908124]
[0.5721297194543504,-2.040138403468309,0.3188438924325818,9.614166993578834,2.268384401998464,0.9846776351980857,0.30537979783398433]
[0.04604870548303227,0.011668725427871547,0.0032123069785607084,0.029654835594383682,0.044309351807670816,0.016681465519911665,0.020668674574525283,0.09693941529806793,0.03639310395988974,0.1482752081205756,0.031017993016182698,0.01641638307514828,0.030019455985000304,0.030706672113514237,0.0441716449189127,0.03298450698288796,0.0716242714204479,0.24474910452376591,0.015386810037851773,0.029071365161798975]
[0.3334177726401944,0.33218315399776155,0.3343990733620442]
